№  | x (Вузол)   | Nn(x) (Прогноз) | Похибка eps(x)
--------------------------------------------------
0  | 1000.00     | 3.00            | 0.00e+00      
1  | 1789.47     | 4.51            | 4.40e-01      
2  | 2578.95     | 6.50            | 1.54e+00      
3  | 3368.42     | 8.87            | 6.05e+00      
4  | 4157.89     | 11.56           | 2.17e+01      
5  | 4947.37     | 14.53           | 6.57e+01      
6  | 5736.84     | 17.73           | 1.64e+02      
7  | 6526.32     | 21.14           | 3.50e+02      
8  | 7315.79     | 24.73           | 6.67e+02      
9  | 8105.26     | 28.52           | 1.17e+03      
10 | 8894.74     | 32.50           | 1.91e+03      
11 | 9684.21     | 36.69           | 2.96e+03      
12 | 10473.68    | 41.15           | 4.40e+03      
13 | 11263.16    | 45.90           | 6.31e+03      
14 | 12052.63    | 51.02           | 8.79e+03      
15 | 12842.11    | 56.57           | 1.19e+04      
16 | 13631.58    | 62.64           | 1.59e+04      
17 | 14421.05    | 69.33           | 2.07e+04      
18 | 15210.53    | 76.74           | 2.66e+04      
19 | 16000.00    | 85.00           | 3.36e+04      
