1.176460654419163438e+04
1.280195960121589815e+04
1.202726716637083518e+04
1.319957161642910069e+04
1.223066730394693150e+04
1.306837349633482518e+04
1.197039711816249292e+04
1.152087563345869421e+04
1.232612303875194266e+04
1.338701242173454375e+04
1.221836875192623847e+04
1.243178424495890067e+04
1.311903777539175644e+04
1.407877337419776086e+04
1.249558102288769078e+04
1.234700409505340394e+04
1.304387339528753728e+04
1.392245811142397542e+04
1.273161656129387302e+04
1.352564979048295027e+04
1.287811073100050635e+04
1.310289356983544712e+04
1.244658977878168298e+04
1.314343013030220936e+04
1.157083556944853626e+04
1.233335506400268787e+04
1.290420413034753074e+04
1.285071312647615014e+04
1.264770912285082886e+04
1.298768861285957064e+04
1.342722216302933884e+04
1.194139948757928505e+04
1.122974333026868408e+04
1.261788310521779567e+04
1.303158292785603589e+04
1.223569866695296332e+04
1.226665488165535680e+04
1.236922823880125361e+04
1.073229665939940242e+04
1.229564367874335949e+04
1.291152110573282698e+04
1.289830767261891015e+04
1.201189326575000268e+04
1.258453923333138664e+04
1.271811394400457721e+04
1.151115744593550335e+04
1.228123136654730843e+04
1.161251664429179982e+04
1.217708742102992073e+04
1.238317325453696139e+04
1.394563604210641279e+04
1.218416008032108221e+04
1.286730521124598818e+04
1.285561389676311410e+04
1.289083626419207576e+04
1.190011533021007017e+04
1.219710212389088520e+04
1.258581421977128775e+04
1.254793407118033429e+04
1.295453035596859991e+04
1.104404007941038253e+04
1.289944452389787693e+04
1.311610063400254694e+04
1.331908347477740608e+04
1.190057101032267383e+04
1.238523279844316312e+04
1.288805052378625260e+04
1.124251274793381890e+04
1.341557787043634198e+04
1.260744925803889419e+04
1.107196053561602093e+04
1.146279806776995611e+04
1.312732217211578245e+04
1.276088675668837459e+04
1.262650230567533436e+04
1.277081405478230590e+04
1.300899357209250957e+04
1.290855512318246656e+04
1.360984210787706616e+04
1.298788251696683437e+04
1.178257101554080509e+04
1.169926745647193457e+04
1.189283041944480647e+04
1.316250083582190928e+04
1.254750011700479808e+04
1.264370326887256306e+04
1.211557907355184761e+04
1.285724357509768379e+04
1.285688069937306864e+04
1.170301895935248285e+04
1.291003515457342655e+04
1.286399124275193935e+04
1.308728966164866142e+04
1.255957280678685675e+04
1.385412486547927256e+04
1.238866564084201855e+04
1.252192282145259014e+04
1.337641093944195745e+04
1.297265658965902185e+04
1.235941044709007292e+04
