2.523626606312367130e+03
2.563355690007769226e+03
2.700155135895763124e+03
2.545308413478142484e+03
2.509304575837581069e+03
2.584067538546784363e+03
2.511875994574727883e+03
2.222857633254460779e+03
2.512803812168711374e+03
2.409272162127623687e+03
2.459544432962361498e+03
2.315979872836953291e+03
2.528985298992817661e+03
2.367066383932534791e+03
2.296262579829623064e+03
2.438142319481649338e+03
2.552162302409214135e+03
2.435951242472049671e+03
2.286908396713796265e+03
2.320959037606450238e+03
2.176323350465280782e+03
2.234479596071019841e+03
2.372856040501376810e+03
2.463179649625159527e+03
2.274504618785123057e+03
2.316810384684191376e+03
2.343549160130359724e+03
2.293213689055073246e+03
2.448477758788505525e+03
2.496489285242812457e+03
2.551272889168015809e+03
2.460383135804266203e+03
2.539700277841305251e+03
2.378829112284806797e+03
2.474107358954311621e+03
2.447989948395683314e+03
2.614534968682918588e+03
2.487630537113423088e+03
2.475127844516714958e+03
2.381239148814686814e+03
2.563665439307416364e+03
2.386092826103308653e+03
2.355205414969747835e+03
2.607252442822174089e+03
2.289849692211850197e+03
2.540093669253371445e+03
2.590689128044833524e+03
2.407066932163466845e+03
2.444723193393479960e+03
2.301076331144574851e+03
2.414097038942761174e+03
2.629467032681007822e+03
2.614157318804610441e+03
2.427940454449185836e+03
2.332621610488923579e+03
2.177428473430627491e+03
2.454294603446281144e+03
2.452700587118904423e+03
2.437553048914846840e+03
2.589064457089529697e+03
2.618737842540846032e+03
2.369556748832705580e+03
2.825789067591711500e+03
2.321544917320194145e+03
2.414811432197750946e+03
2.735281808198348699e+03
2.551873858056366771e+03
2.205613777801928791e+03
2.521251723809246414e+03
2.197761047033080104e+03
2.252796026245619942e+03
2.610848062857483455e+03
2.420805361388049278e+03
2.534188892652057348e+03
2.301359187343891335e+03
2.389612540044861362e+03
2.434678389485483422e+03
2.455925808580075682e+03
2.392319685831647803e+03
2.440893005308430475e+03
2.518301558627904797e+03
2.332126002024427635e+03
2.654742410137945626e+03
2.619877917335344591e+03
2.645798550976457591e+03
2.605426929605326222e+03
2.182493209667085466e+03
2.392151430159674419e+03
2.411879854051293478e+03
2.523570853897448615e+03
2.708339922251626376e+03
2.394137501690074714e+03
2.478308975334313345e+03
2.649894723655819689e+03
2.612478521108063433e+03
2.400711669376225473e+03
2.414767388927378306e+03
2.670750368508085558e+03
2.563272748252227757e+03
2.407249407809622880e+03
